850 850
2 6150
2 13595
0 33866
2 34990
2 29263
0 4938
0 27329
2 39700
2 26288
2 12878
1 36656
0 18018
1 2942
2 31458
0 4140
0 1515
1 31372
0 10772
0 28123
1 8790
1 19785
1 5506
2 33688
0 21864
0 19530
0 23441
1 6872
1 39257
0 26103
1 17806
2 33038
0 3090
1 38096
1 30838
2 22959
2 25448
2 7665
2 16043
1 35782
0 16803
2 21024
2 33534
1 11206
1 38496
1 6103
1 14520
1 33274
1 39150
2 26916
1 30183
2 5320
0 27254
1 25888
0 11664
0 22462
2 28901
2 5584
2 2423
0 27188
1 16166
2 8354
0 18149
2 35169
2 10333
0 19468
0 6908
1 24402
2 39026
0 13764
1 39913
2 36093
1 632
2 13630
1 26150
2 25295
2 25947
1 8246
2 8560
0 14850
2 4680
1 2550
2 2376
2 19535
0 19749
1 39070
0 2582
1 28478
0 26043
0 16827
0 38930
2 32344
1 39938
2 17193
1 32023
0 36589
0 16452
2 27174
2 29618
1 33796
1 31308
2 17904
1 35712
1 39797
1 2620
2 38855
0 27383
0 21738
2 12519
1 30517
0 32092
1 34431
2 7621
1 34909
2 2968
2 14785
1 16018
2 25390
2 23990
1 37899
0 37083
2 1647
2 32994
1 20289
2 24940
1 3692
2 21898
0 13215
0 34921
2 18840
1 38609
2 8164
1 38987
1 37385
0 38843
2 27628
2 31198
2 2545
0 33292
2 29874
0 24440
1 33437
1 24516
0 4327
2 12146
1 39495
0 28137
0 32753
1 31315
0 25609
0 1574
0 35281
1 12860
0 2310
1 2203
0 34187
1 22948
1 9578
2 25512
0 39972
1 39333
2 13032
0 405
2 3653
2 23476
0 21526
2 16604
1 39524
1 10779
1 7430
1 23718
0 6898
0 13012
1 2565
0 17175
1 14324
2 15920
0 11219
0 1903
0 6787
1 8608
0 1946
1 13880
1 7778
0 3964
1 4322
0 20682
2 17708
0 2380
1 35312
2 31918
1 11018
2 26976
1 758
0 19287
2 32541
1 36733
1 1778
0 12469
1 13071
2 21987
0 27023
1 6433
2 36918
0 35091
0 33670
2 1589
2 15998
2 11650
2 35601
0 30286
0 31748
1 14066
0 21349
1 18034
2 18635
1 32621
1 836
0 18912
2 29780
2 20599
1 30670
2 36716
1 33464
0 23363
1 17030
2 26728
2 8843
0 28491
0 10367
2 38669
2 11456
1 74
1 23172
2 11219
2 24379
1 15009
2 38278
1 26979
1 18394
2 5814
0 7719
0 34603
1 9697
0 8721
0 15583
1 24167
0 5205
0 38314
0 21341
2 10045
1 31275
1 26808
2 20373
1 31945
0 1856
0 25066
1 13446
1 28770
2 19977
1 26811
0 28967
2 23131
1 37137
0 6997
1 36349
0 16892
1 2832
2 7227
0 36543
1 32742
2 12643
0 30544
2 30175
1 33197
0 29180
2 7032
0 6823
2 775
0 14580
0 31161
1 14589
1 9360
0 32978
0 36100
2 9212
2 31189
1 33140
1 33488
2 19712
2 24339
0 3538
2 12885
1 8509
0 37105
1 9636
2 24589
0 26845
2 11856
1 2471
1 30233
2 1562
2 16991
0 2395
2 34140
2 10827
1 15832
2 4207
0 18209
1 36193
0 2812
1 2450
0 1660
2 12464
1 34645
2 14222
2 32239
1 24105
1 37104
2 27781
1 15824
2 36632
0 30550
0 31617
0 24173
2 26547
0 30559
1 38944
0 14438
0 22934
1 11605
1 18509
0 18801
1 15147
1 14205
1 9924
2 3385
0 28977
0 11989
0 15384
1 14862
0 29472
2 27277
2 36404
1 30126
0 33679
0 4227
0 19584
0 9554
2 20070
0 22974
0 12356
2 20209
2 2924
1 32868
0 16390
2 36573
1 23394
0 35809
2 27100
2 18688
0 15697
1 36363
0 2520
1 8227
2 18941
1 11878
1 16183
1 32915
2 37374
2 27043
0 7546
0 542
1 23101
1 29544
2 812
0 36561
1 21257
1 16736
1 22061
2 28808
0 9771
2 22498
1 34979
1 39192
1 29453
2 37599
1 30214
0 35578
2 10594
1 38939
0 37793
1 37549
2 14763
1 23336
0 24588
0 21493
1 25759
2 5915
0 24816
1 28626
2 36580
1 30893
2 33999
1 22255
2 23535
1 37704
0 22298
1 30980
0 2758
0 658
2 22244
0 10780
2 15029
1 24810
0 28404
2 13334
2 15317
0 17967
1 28289
1 39408
2 39479
2 12065
1 620
2 18737
1 21850
0 5346
0 33230
0 8191
2 8427
2 6337
1 28383
2 35698
1 12489
2 3626
1 3210
1 36240
1 20392
2 7770
0 29692
1 25950
1 20527
0 26608
1 2618
0 21863
1 27340
2 10183
0 22587
2 10589
0 26524
0 9768
0 18847
0 19183
2 37672
0 21638
0 21018
1 21781
0 5427
2 3247
0 33961
0 22888
2 34277
2 21771
1 37376
2 9101
2 20670
2 8753
1 17189
1 26580
2 2233
1 36178
0 27067
1 10007
2 7738
0 29924
2 22981
1 15728
2 24218
2 31855
2 27756
2 27365
1 24083
0 39199
1 28212
1 36824
0 18758
2 12710
0 26965
1 25796
2 24538
2 12221
2 38890
1 3608
1 11934
1 12009
0 14648
0 2076
0 38035
0 29632
1 22403
1 758
2 7170
1 27309
0 35692
2 29225
1 28838
1 15156
1 21652
0 7381
0 18491
0 7015
0 25087
2 32930
0 38125
2 34304
1 22118
2 31398
1 17505
1 7231
1 17451
0 24441
0 35513
0 8111
2 14376
0 35595
2 38640
2 39458
2 16360
0 23487
0 39160
2 39527
2 6366
2 4034
0 30376
2 18272
0 34050
1 5716
2 11051
0 18161
1 23323
1 24228
0 33813
2 26814
0 26668
2 6911
0 7907
2 19125
1 18160
0 13514
0 35924
1 39268
2 5571
1 15161
0 32665
0 22607
2 18031
2 35924
0 33760
2 21769
1 12064
0 28744
2 24272
0 20676
0 19898
0 24043
2 14254
1 36784
1 9629
2 10964
2 359
0 5005
1 20391
0 31770
0 29218
1 17582
2 7653
0 32618
1 18187
1 18378
2 31249
2 30515
2 37924
2 17513
2 36890
1 36413
1 23498
1 15875
1 697
2 11592
2 9638
0 31961
2 7124
2 22752
2 15855
2 13576
2 9643
2 11085
0 34507
0 37661
1 36080
2 18987
0 12968
2 11977
1 16111
2 22527
1 13080
2 4447
2 30588
0 14991
2 27157
1 33807
2 11245
0 39477
2 16906
2 9980
2 24753
1 11676
1 28635
2 1457
1 20666
0 4590
2 11119
2 20821
0 25846
0 31547
2 12104
2 37345
0 17921
2 5048
1 9086
1 35723
1 35576
1 13536
0 19986
2 12499
0 25547
2 31323
2 39669
1 28485
2 36815
2 31283
1 28646
2 27501
2 32595
0 16039
2 35436
2 13011
0 35134
1 14074
2 28816
0 8891
0 30333
0 8650
2 33960
0 6644
0 13264
2 20272
2 19345
1 23480
0 19710
0 33024
1 11896
2 2358
1 13300
0 30513
0 19579
1 13139
1 6221
2 6399
2 34796
2 25669
0 15518
2 11047
0 30192
0 1595
0 7760
1 8618
1 24942
2 962
2 26985
0 9919
2 4634
2 15148
1 3663
0 34687
1 27613
0 31469
2 18386
1 28738
1 14541
2 28906
1 4676
0 34684
2 28204
0 18059
1 35522
2 6688
0 18915
0 32656
0 17890
1 16603
1 6514
2 26472
0 7950
2 34596
1 22872
0 21402
2 23494
0 12900
0 14685
0 22103
0 7571
1 9167
0 1121
2 2988
1 29107
2 30056
0 36043
0 1961
0 2850
0 54
1 33531
1 11667
0 28091
0 27207
2 20466
2 15081
1 7548
1 22986
2 35950
1 16615
1 16881
2 12150
0 38796
0 5014
2 28350
0 18121
0 19890
2 9439
1 7264
2 33243
1 29370
2 11996
0 24105
1 35827
2 12968
2 12475
0 19150
2 9188
0 33428
1 12505
1 15664
2 34832
1 28392
0 32509
1 23366
0 28700
2 7294
1 35643
0 17549
1 37949
1 24415
0 33519
0 3825
2 30579
0 35304
2 27490
1 26983
2 19928
2 8445
0 23676
0 31951
0 32180
1 4918
0 38678
0 36054
1 9515
0 10130
0 23712
1 31132
2 17288
0 31885
2 24324
1 4929
2 6125
0 38977
1 29411
1 708
2 34376
1 30117
1 33730
0 3252
1 1362
2 7773
0 1530
0 19274
1 36701
1 35203
0 8479
2 27926
1 27867
0 23864
0 55
2 31806
2 34210
1 39216
1 28637
1 34207
0 2046
1 11757
1 28730
1 27086
0 16823
0 37278
2 3811
2 15753
2 22590
2 7552
0 2702
0 24226
0 4142
2 37714
1 13038
1 34074
2 31822
2 38093
1 12983
0 24111
0 8493
1 6388
0 33368
0 25725
1 38912
1 27513
1 20959
1 1982
2 14101
1 13665
0 8875
0 32236
1 22316
2 35050
2 21065
1 26406
2 18115
0 29166
1 2966
1 3401
1 20424
2 20739
0 30428
